iter,	useweight,	phase2,	temp
 80,5.0,0.3,0.23
year,headings,iron,coal,corn,bread
1,flow matrix
1,iron,0.00140695430357756,0.0,0.0,0.0
1,coal,0.0281390860715512,0.98,0.0,0.0
1,corn,0.0,0.0,0.0,0.0
1,bread,0.0,0.0,0.0,0.0
1,labour,0.00422086291073268,0.98,0.0,0.0
1,output,0.140695430357756,4.9,0.0,0.0
1,productive consumption  ,0.0000,0.0014,1.0081,0.0000,
1,accumulation ,0.001704197041821517,0.004884753780163287,0.0
1,netoutput ,0.13758427901235692,3.886976160148286,0.0,0.0
1,target  ,0.1,3.0,0.020000000000000018,2.0
1,netoutput/target  ,1.3758427901235692,1.2956587200494287,0.0,0.0
1,harmony  ,0.31906648162028256,0.25901922995658877,-1.5,-1.5
1,capital use matrix
1,iron,0.140695430357756,6.859999999999999,0.0,0.0
1,coal,0.0281390860715512,0.98,0.0,0.0
1,corn,0.0,0.0,0.0,0.0
1,bread,0.0,0.0,0.0,0.0

2,flow matrix
2,iron,0.0014049427709272838,0.0,0.0,0.0
2,coal,0.028098855418545673,0.4911483168288054,0.0,0.0
2,corn,0.0,0.0,0.0,0.0
2,bread,0.0,0.0,0.0,0.0
2,labour,0.004214828312781851,0.4911483168288054,0.0,0.0
2,output,0.14049427709272835,2.455741584144027,0.0,0.0
2,productive consumption  ,0.0000,0.0014,0.5192,0.0000,
2,accumulation ,0.0015860986409886341,0.004728184299852778,0.0
2,netoutput ,0.13750323568081244,1.9317662275968233,0.0,0.0
2,target  ,0.1,3.0,0.020000000000000018,2.01
2,netoutput/target  ,1.3750323568081242,0.6439220758656078,0.0,0.0
2,harmony  ,0.31847726306574664,-0.4194736681623213,-1.5,-1.5
2,capital use matrix
2,iron,0.14049427709272835,3.4380382178016378,0.0,0.0
2,coal,0.028098855418545673,0.4911483168288054,0.0,0.0
2,corn,0.0,0.0,0.0,0.0
2,bread,0.0,0.0,0.0,0.0

3,flow matrix
3,iron,0.0014027660383599994,0.0,0.0,0.0
3,coal,0.028055320767199986,0.24653792929622964,0.0,0.0
3,corn,0.0,0.0,0.0,0.0
3,bread,0.0,0.0,0.0,0.0
3,labour,0.004208298115079998,0.24653792929622964,0.0,0.0
3,output,0.14027660383599994,1.2326896464811483,0.0,0.0
3,productive consumption  ,0.0000,0.0014,0.2746,0.0000,
3,accumulation ,0.0014632378950799984,0.00454469974293048,0.0
3,netoutput ,0.13741059990255994,0.9535516966747882,0.0,0.0
3,target  ,0.1,3.0,0.020000000000000018,2.02
3,netoutput/target  ,1.3741059990255993,0.31785056555826274,0.0,0.0
3,harmony  ,0.3178033371313751,-0.9148133598963283,-1.5,-1.5
3,capital use matrix
3,iron,0.14027660383599994,1.7257655050736074,0.0,0.0
3,coal,0.028055320767199986,0.24653792929622964,0.0,0.0
3,corn,0.0,0.0,0.0,0.0
3,bread,0.0,0.0,0.0,0.0

4,flow matrix
4,iron,0.0013992761178501698,0.0,0.0,0.0
4,coal,0.027985522357003394,0.12406666236283867,0.0,0.0
4,corn,0.0,0.0,0.0,0.0
4,bread,0.0,0.0,0.0,0.0
4,labour,0.004197828353550509,0.12406666236283867,0.0,0.0
4,output,0.13992761178501698,0.6203333118141934,0.0,0.0
4,productive consumption  ,0.0000,0.0014,0.1521,0.0000,
4,accumulation ,0.001258729394804934,0.004094898396817093,0.0
4,netoutput ,0.13726960627236187,0.46418622869753423,0.0,0.0
4,target  ,0.1,3.1,0.020000000000000018,2.1
4,netoutput/target  ,1.3726960627236187,0.14973749312823684,0.0,0.0
4,harmony  ,0.31677673499979536,-1.2117356721676908,-1.5,-1.5
4,capital use matrix
4,iron,0.13992761178501698,0.8684666365398707,0.0,0.0
4,coal,0.027985522357003394,0.12406666236283867,0.0,0.0
4,corn,0.0,0.0,0.0,0.0
4,bread,0.0,0.0,0.0,0.0

5,flow matrix
5,iron,0.001380195054757975,0.0,0.0,0.0
5,coal,0.027603901095159495,0.06260421737090376,0.0,0.0
5,corn,0.0,0.0,0.0,0.0
5,bread,0.0,0.0,0.0,0.0
5,labour,0.004140585164273924,0.06260421737090376,0.0,0.0
5,output,0.13801950547579747,0.3130210868545188,0.0,0.0
5,productive consumption  ,0.0000,0.0014,0.0902,0.0000,
5,accumulation ,1.734723475976807E-18,0.0,0.0
5,netoutput ,0.1366393104210395,0.22281296838845555,0.0,0.0
5,target  ,0.1,3.1,0.020000000000000018,2.1
5,netoutput/target  ,1.366393104210395,0.07187515109305018,0.0,0.0
5,harmony  ,0.3121744973550039,-1.3588327164862242,-1.5,-1.5
5,capital use matrix
5,iron,0.13801950547579747,0.4382295215963263,0.0,0.0
5,coal,0.027603901095159495,0.06260421737090376,0.0,0.0
5,corn,0.0,0.0,0.0,0.0
5,bread,0.0,0.0,0.0,0.0

totalharmony ,-17.061537872583774
took 0.051000000000000004 sec
